{
 "cells": [
  {
   "cell_type": "code",
   "execution_count": 1,
   "metadata": {},
   "outputs": [],
   "source": [
    "import numpy as np\n",
    "from scipy.stats import multivariate_normal\n",
    "from sklearn.metrics import silhouette_score\n",
    "from sklearn.preprocessing import StandardScaler\n",
    "import pandas as pd\n",
    "from sklearn.mixture import GaussianMixture\n"
   ]
  },
  {
   "cell_type": "code",
   "execution_count": 2,
   "metadata": {},
   "outputs": [],
   "source": [
    "# class GMM:\n",
    "#     def __init__(self, n_components, iterations=100, threshold=0.004, min_covar=5e-9):\n",
    "#         self.n_components = n_components\n",
    "#         self.means_ = None\n",
    "#         self.covariances_ = None\n",
    "#         self.prior_ = None\n",
    "#         self.wij = None\n",
    "#         self.iterations = iterations\n",
    "#         self.threshold = threshold\n",
    "#         self.converged = False\n",
    "#         self.log_likelihood_trace = []\n",
    "#         self.min_covar = min_covar\n",
    "\n",
    "#     def initialize_parameters(self, data):\n",
    "#         n_samples, n_features = data.shape\n",
    "#         np.random.seed(42)\n",
    "#         self.wij = np.zeros((n_samples, self.n_components))\n",
    "#         chosen = np.random.choice(n_samples, self.n_components, replace=False)\n",
    "#         self.means_ = data[chosen]\n",
    "#         self.prior_ = np.full(self.n_components, 1 / self.n_components)\n",
    "#         self.covariances_ = np.tile(np.identity(n_features), (self.n_components, 1, 1))\n",
    "#         return self.means_, self.covariances_, self.prior_\n",
    "\n",
    "#     def fit(self, data):\n",
    "#         means_, covariances_, prior_ = self.initialize_parameters(data)\n",
    "#         log_likelihood = 0\n",
    "#         for _ in range(self.iterations):\n",
    "#             new_log_likelihood = self.expectation_step(data)\n",
    "#             self.maximization_step(data)\n",
    "#             if abs(new_log_likelihood - log_likelihood) <= self.threshold:\n",
    "#                 self.converged = True\n",
    "#                 break\n",
    "#             log_likelihood = new_log_likelihood\n",
    "#             self.log_likelihood_trace.append(log_likelihood)\n",
    "#         return means_, covariances_, prior_\n",
    "\n",
    "#     def get_parameters(self):\n",
    "#         return self.means_, self.covariances_, self.prior_\n",
    "\n",
    "#     def expectation_step(self, X):\n",
    "#         for component in range(self.n_components):\n",
    "#             self.wij[:, component] = self.prior_[component] * multivariate_normal(self.means_[component], self.covariances_[component]).pdf(X)\n",
    "#         epsilon = 1e-16\n",
    "#         log_likelihood = np.sum(np.log(np.sum(self.wij, axis=1) + epsilon))\n",
    "#         self.wij = self.wij / (self.wij.sum(axis=1, keepdims=1) + epsilon)\n",
    "#         return log_likelihood\n",
    "\n",
    "#     def maximization_step(self, X):\n",
    "#         responsibility_weight_sum = self.wij.sum(axis=0)\n",
    "#         self.prior_ = responsibility_weight_sum / X.shape[0]\n",
    "#         self.means_ = np.dot(self.wij.T, X) / responsibility_weight_sum.reshape(-1, 1)\n",
    "#         for component in range(self.n_components):\n",
    "#             self.covariances_[component] = np.dot(self.wij[:, component] * (X - self.means_[component]).T, (X - self.means_[component])) / responsibility_weight_sum[component]\n",
    "#             self.covariances_[component] += self.min_covar * np.identity(X.shape[1])\n",
    "\n",
    "\n",
    "class GMM:\n",
    "    def __init__(self, n_components, iterations=100, threshold=0.004, min_covar=1e-6):\n",
    "        self.n_components = n_components\n",
    "        self.means_ = None\n",
    "        self.covariances_ = None\n",
    "        self.prior_ = None\n",
    "        self.wij = None\n",
    "        self.iterations = iterations\n",
    "        self.threshold = threshold\n",
    "        self.converged = False\n",
    "        self.log_likelihood_trace = []\n",
    "        self.min_covar = min_covar\n",
    "\n",
    "    def initialize_parameters(self, data):\n",
    "        n_samples, n_features = data.shape\n",
    "        # np.random.seed(1)\n",
    "        self.wij = np.zeros((n_samples, self.n_components))\n",
    "        chosen = np.random.choice(n_samples, self.n_components, replace=False)\n",
    "        self.means_ = data[chosen]\n",
    "        self.prior_ = np.full(self.n_components, 1 / self.n_components)\n",
    "        self.covariances_ = np.tile(np.identity(n_features), (self.n_components, 1, 1))\n",
    "        return self.means_, self.covariances_, self.prior_\n",
    "\n",
    "    def fit(self, data):\n",
    "        means_, covariances_, prior_ = self.initialize_parameters(data)\n",
    "        log_likelihood = 0\n",
    "        for _ in range(self.iterations):\n",
    "            new_log_likelihood = self.expectation_step(data)\n",
    "            self.maximization_step(data)\n",
    "            if abs(new_log_likelihood - log_likelihood) <= self.threshold:\n",
    "                self.converged = True\n",
    "                break\n",
    "            log_likelihood = new_log_likelihood\n",
    "            self.log_likelihood_trace.append(log_likelihood)\n",
    "        return means_, covariances_, prior_\n",
    "\n",
    "    def get_parameters(self):\n",
    "        return self.means_, self.covariances_, self.prior_\n",
    "\n",
    "    def expectation_step(self, X):\n",
    "        for component in range(self.n_components):\n",
    "            self.wij[:, component] = self.prior_[component] * multivariate_normal(self.means_[component], self.covariances_[component]).pdf(X)\n",
    "        epsilon = 1e-16\n",
    "        log_likelihood = np.sum(np.log(np.sum(self.wij, axis=1) + epsilon))\n",
    "        self.wij = self.wij / (self.wij.sum(axis=1, keepdims=1) + epsilon)\n",
    "        return log_likelihood\n",
    "\n",
    "    def maximization_step(self, X):\n",
    "        responsibility_weight_sum = self.wij.sum(axis=0)\n",
    "        self.prior_ = responsibility_weight_sum / X.shape[0]\n",
    "        self.means_ = np.dot(self.wij.T, X) / responsibility_weight_sum.reshape(-1, 1)\n",
    "        for component in range(self.n_components):\n",
    "            self.covariances_[component] = np.dot(self.wij[:, component] * (X - self.means_[component]).T, (X - self.means_[component])) / responsibility_weight_sum[component]\n",
    "            self.covariances_[component] += self.min_covar * np.identity(X.shape[1])\n",
    "\n",
    "\n"
   ]
  },
  {
   "cell_type": "code",
   "execution_count": 3,
   "metadata": {},
   "outputs": [
    {
     "name": "stdout",
     "output_type": "stream",
     "text": [
      "199\n",
      "[[[ 1.00000000e-06  9.29376754e-29  2.39037225e-30  2.52739996e-30\n",
      "    8.51246576e-29 -4.20218306e-30 -3.15772742e-29]\n",
      "  [ 9.29376754e-29  1.00000000e-06  1.37027709e-30  1.41595299e-30\n",
      "    4.79673106e-29 -2.16199273e-30 -1.66869298e-29]\n",
      "  [ 2.39037225e-30  1.37027709e-30  9.66129307e-01  3.05791591e-01\n",
      "    8.55382855e-01  1.15164748e-01  8.44888740e-02]\n",
      "  [ 2.58830116e-30  1.32460118e-30  3.05791591e-01  1.10753771e+00\n",
      "    2.66312799e-01  7.11344030e-01  5.10091863e-01]\n",
      "  [ 8.52160094e-29  4.79673106e-29  8.55382855e-01  2.66312799e-01\n",
      "    1.00472122e+00  1.14717498e-01  5.94647387e-02]\n",
      "  [-4.20218306e-30 -2.16199273e-30  1.15164748e-01  7.11344030e-01\n",
      "    1.14717498e-01  1.05849757e+00  6.03876245e-01]\n",
      "  [-3.15772742e-29 -1.66869298e-29  8.44888740e-02  5.10091863e-01\n",
      "    5.94647387e-02  6.03876245e-01  1.04300491e+00]]\n",
      "\n",
      " [[ 7.73031064e-01 -1.31079611e-31 -2.55026047e-02 -6.60469659e-02\n",
      "   -4.01633205e-03 -1.15811967e-01 -1.65440033e-01]\n",
      "  [-1.31079611e-31  1.00000000e-06 -6.23621181e-32 -3.41601412e-32\n",
      "   -2.47919210e-30 -3.49545630e-32  1.11219064e-32]\n",
      "  [-2.55026047e-02 -6.01774580e-32  9.75735509e-01  3.39059330e-01\n",
      "    6.87726985e-01  8.07118265e-02  7.56628104e-02]\n",
      "  [-6.60469659e-02 -3.25712974e-32  3.39059330e-01  9.21376194e-01\n",
      "    2.99389877e-01  6.17403957e-01  4.02697703e-01]\n",
      "  [-4.01633205e-03 -2.48018513e-30  6.87726985e-01  2.99389877e-01\n",
      "    7.30654867e-01  9.10617208e-02  1.28554505e-01]\n",
      "  [-1.15811967e-01 -3.33657193e-32  8.07118265e-02  6.17403957e-01\n",
      "    9.10617208e-02  9.03919463e-01  4.78735541e-01]\n",
      "  [-1.65440033e-01  1.27107502e-32  7.56628104e-02  4.02697703e-01\n",
      "    1.28554505e-01  4.78735541e-01  9.23223466e-01]]\n",
      "\n",
      " [[ 1.00000000e-06 -5.17689969e-30  7.09088454e-32 -5.98293383e-31\n",
      "    1.13454153e-30 -1.02817826e-30  2.41311665e-30]\n",
      "  [-5.17689969e-30  1.00000000e-06 -1.24090479e-31  1.28522282e-30\n",
      "   -2.55271843e-30  2.33999190e-30 -5.22509555e-30]\n",
      "  [ 7.09088454e-32 -1.59544902e-31  6.89427989e-01  1.08146934e-01\n",
      "    4.96384895e-01 -8.08438541e-02 -1.05651763e-02]\n",
      "  [-5.98293383e-31  1.27192741e-30  1.08146934e-01  3.22642997e-01\n",
      "    1.82154638e-01  2.73636329e-01  6.13281373e-02]\n",
      "  [ 1.13454153e-30 -2.57044565e-30  4.96384895e-01  1.82154638e-01\n",
      "    8.62347508e-01 -2.27548607e-02  2.16416833e-02]\n",
      "  [-1.02817826e-30  2.33999190e-30 -8.08438541e-02  2.73636329e-01\n",
      "   -2.27548607e-02  6.27533429e-01  1.10274325e-01]\n",
      "  [ 2.41311665e-30 -5.22509555e-30 -1.05651763e-02  6.13281373e-02\n",
      "    2.16416833e-02  1.10274325e-01  1.02595241e-01]]]\n",
      "[[[ 1.00000000e-06 -7.04773853e-29  8.36802728e-31 -3.20774379e-30\n",
      "   -2.77772017e-30  1.88745504e-29 -3.74004330e-29]\n",
      "  [-7.04773853e-29  7.22619832e-01 -1.57785827e-01 -5.96118566e-02\n",
      "    2.88239084e-01  3.52484709e-03 -2.61493705e-02]\n",
      "  [ 8.36802728e-31 -1.57785827e-01  9.70725307e-01  3.23408330e-01\n",
      "    7.21760903e-01  9.68013899e-02  8.45566979e-02]\n",
      "  [-3.20774379e-30 -5.96118566e-02  3.23408330e-01  1.09143647e+00\n",
      "    2.55920542e-01  6.99939075e-01  4.76212436e-01]\n",
      "  [-2.77772017e-30  2.88239084e-01  7.21760903e-01  2.55920542e-01\n",
      "    1.04704657e+00  1.14386227e-01  7.20860338e-02]\n",
      "  [ 1.88745504e-29  3.52484709e-03  9.68013899e-02  6.99939075e-01\n",
      "    1.14386227e-01  1.03817639e+00  5.56029832e-01]\n",
      "  [-3.74004330e-29 -2.61493705e-02  8.45566979e-02  4.76212436e-01\n",
      "    7.20860338e-02  5.56029832e-01  1.04172151e+00]]\n",
      "\n",
      " [[ 1.00000000e-06 -5.17689969e-30  2.65908170e-32 -8.19883525e-31\n",
      "    1.08135989e-30 -9.30678596e-31  2.04527701e-30]\n",
      "  [-5.17689969e-30  1.00000000e-06 -1.24090479e-31  1.73726671e-30\n",
      "   -2.26908305e-30  1.98544767e-30 -4.40521202e-30]\n",
      "  [ 2.65908170e-32 -1.24090479e-31  6.89427989e-01  1.08146934e-01\n",
      "    4.96384895e-01 -8.08438541e-02 -1.05651763e-02]\n",
      "  [-8.19883525e-31  1.73726671e-30  1.08146934e-01  3.22642997e-01\n",
      "    1.82154638e-01  2.73636329e-01  6.13281373e-02]\n",
      "  [ 1.08135989e-30 -2.26908305e-30  4.96384895e-01  1.82154638e-01\n",
      "    8.62347508e-01 -2.27548607e-02  2.16416833e-02]\n",
      "  [-9.30678596e-31  1.98544767e-30 -8.08438541e-02  2.73636329e-01\n",
      "   -2.27548607e-02  6.27533429e-01  1.10274325e-01]\n",
      "  [ 2.04527701e-30 -4.40521202e-30 -1.05651763e-02  6.13281373e-02\n",
      "    2.16416833e-02  1.10274325e-01  1.02595241e-01]]\n",
      "\n",
      " [[ 1.00000000e-06  0.00000000e+00  1.61202011e-30  6.85966005e-32\n",
      "   -6.36576452e-29  4.11579603e-31  5.21334163e-30]\n",
      "  [ 0.00000000e+00  1.00000000e-06  0.00000000e+00  0.00000000e+00\n",
      "    0.00000000e+00  0.00000000e+00  0.00000000e+00]\n",
      "  [ 1.61202011e-30  0.00000000e+00  1.02200996e+00  3.40948073e-01\n",
      "    7.33302733e-01  8.94867818e-02  7.35420239e-02]\n",
      "  [ 6.85966005e-32  0.00000000e+00  3.40948073e-01  8.79772462e-01\n",
      "    2.90725899e-01  5.87651111e-01  3.99300210e-01]\n",
      "  [-6.36576452e-29  0.00000000e+00  7.33302733e-01  2.90725899e-01\n",
      "    7.42122298e-01  8.45532833e-02  1.17506173e-01]\n",
      "  [ 4.11579603e-31  0.00000000e+00  8.94867818e-02  5.87651111e-01\n",
      "    8.45532833e-02  8.56544435e-01  4.72009419e-01]\n",
      "  [ 5.21334163e-30  0.00000000e+00  7.35420239e-02  3.99300210e-01\n",
      "    1.17506173e-01  4.72009419e-01  8.36917512e-01]]]\n",
      "\n",
      "[0.4145     0.49649998 0.089     ]\n",
      "[0.543 0.089 0.368]\n",
      "\n",
      "[[-0.91739884 -0.99302433  0.27112644  0.21807227 -0.41340741  0.18345643\n",
      "   0.2930841 ]\n",
      " [ 0.57049027  1.00702467 -0.21467583 -0.07404432  0.37664378 -0.0296968\n",
      "  -0.09772234]\n",
      " [ 1.09003844 -0.99302433 -0.06511624 -0.60256172 -0.17580133 -0.68874452\n",
      "  -0.81982299]]\n",
      "[[-0.91739884 -0.51971623  0.1677783   0.1790271  -0.22461369  0.18576517\n",
      "   0.27595652]\n",
      " [ 1.09003844 -0.99302433 -0.06511624 -0.60256172 -0.17580133 -0.68874452\n",
      "  -0.81982299]\n",
      " [ 1.09003844  1.00702467 -0.23181596 -0.11843403  0.37394444 -0.10753322\n",
      "  -0.20891344]]\n"
     ]
    }
   ],
   "source": [
    "data = pd.read_csv('customer_gmm.csv')\n",
    "X = data[['Gender', 'Marital status', 'Age', 'Income', 'Education', 'Occupation', 'Settlement size', ]].values\n",
    "n_components = 3\n",
    "scaler = StandardScaler()\n",
    "X_standardized = scaler.fit_transform(X)\n",
    "for i in range(199,200):\n",
    "    print(i)\n",
    "    np.random.seed(7)\n",
    "    gmm = GMM(n_components=n_components)\n",
    "    gmm1 = GaussianMixture(n_components=n_components, tol=0.004,random_state=42)\n",
    "    # gmm1.means_init = gmm.means_\n",
    "    # gmm1.covariances_init = gmm.covariances_\n",
    "    # gmm1.weights_init = gmm.prior_\n",
    "    # print(gmm1.means_init)\n",
    "    means,cov,proba = gmm.fit(X_standardized)\n",
    "    gmm1.fit(X_standardized)\n",
    "    # print(gmm1.means_)\n",
    "    # print(gmm.means_)\n",
    "    # print(gmm.covariances_)\n",
    "    # print(gmm.prior_)\n",
    "    labels = gmm1.predict(X_standardized)\n",
    "    probs = gmm1.predict_proba(X_standardized)\n",
    "    weights = gmm1.weights_\n",
    "    means = gmm1.means_\n",
    "    covariances = gmm1.covariances_\n",
    "    # if(gmm.prior_[0] == weights[0]):\n",
    "    #     print(i)\n",
    "    #     break\n",
    "    print(gmm.covariances_)\n",
    "    print(covariances)\n",
    "    print()\n",
    "    print(gmm.prior_)\n",
    "    print(weights)\n",
    "    print()\n",
    "    print(gmm.means_)\n",
    "    print(means)\n"
   ]
  },
  {
   "cell_type": "code",
   "execution_count": null,
   "metadata": {},
   "outputs": [],
   "source": []
  },
  {
   "cell_type": "code",
   "execution_count": null,
   "metadata": {},
   "outputs": [],
   "source": []
  },
  {
   "cell_type": "code",
   "execution_count": null,
   "metadata": {},
   "outputs": [],
   "source": []
  }
 ],
 "metadata": {
  "kernelspec": {
   "display_name": "Python 3 (ipykernel)",
   "language": "python",
   "name": "python3"
  },
  "language_info": {
   "codemirror_mode": {
    "name": "ipython",
    "version": 3
   },
   "file_extension": ".py",
   "mimetype": "text/x-python",
   "name": "python",
   "nbconvert_exporter": "python",
   "pygments_lexer": "ipython3",
   "version": "3.8.10"
  }
 },
 "nbformat": 4,
 "nbformat_minor": 4
}
