{
 "cells": [
  {
   "cell_type": "code",
   "execution_count": 25,
   "metadata": {},
   "outputs": [],
   "source": [
    "import matplotlib.pyplot as plt\n",
    "import numpy as np\n",
    "import pandas as pd\n",
    "from scipy.stats import norm, multivariate_normal\n",
    "from sklearn.mixture import GaussianMixture"
   ]
  },
  {
   "cell_type": "code",
   "execution_count": 5,
   "metadata": {},
   "outputs": [
    {
     "data": {
      "text/html": [
       "<div>\n",
       "<style scoped>\n",
       "    .dataframe tbody tr th:only-of-type {\n",
       "        vertical-align: middle;\n",
       "    }\n",
       "\n",
       "    .dataframe tbody tr th {\n",
       "        vertical-align: top;\n",
       "    }\n",
       "\n",
       "    .dataframe thead th {\n",
       "        text-align: right;\n",
       "    }\n",
       "</style>\n",
       "<table border=\"1\" class=\"dataframe\">\n",
       "  <thead>\n",
       "    <tr style=\"text-align: right;\">\n",
       "      <th></th>\n",
       "      <th>Index</th>\n",
       "      <th>Gender</th>\n",
       "      <th>Marital status</th>\n",
       "      <th>Age</th>\n",
       "      <th>Education</th>\n",
       "      <th>Income</th>\n",
       "      <th>Occupation</th>\n",
       "      <th>Settlement size</th>\n",
       "    </tr>\n",
       "  </thead>\n",
       "  <tbody>\n",
       "    <tr>\n",
       "      <th>0</th>\n",
       "      <td>0</td>\n",
       "      <td>0</td>\n",
       "      <td>0</td>\n",
       "      <td>67</td>\n",
       "      <td>2</td>\n",
       "      <td>124670</td>\n",
       "      <td>1</td>\n",
       "      <td>2</td>\n",
       "    </tr>\n",
       "    <tr>\n",
       "      <th>1</th>\n",
       "      <td>1</td>\n",
       "      <td>1</td>\n",
       "      <td>1</td>\n",
       "      <td>22</td>\n",
       "      <td>1</td>\n",
       "      <td>150773</td>\n",
       "      <td>1</td>\n",
       "      <td>2</td>\n",
       "    </tr>\n",
       "    <tr>\n",
       "      <th>2</th>\n",
       "      <td>2</td>\n",
       "      <td>0</td>\n",
       "      <td>0</td>\n",
       "      <td>49</td>\n",
       "      <td>1</td>\n",
       "      <td>89210</td>\n",
       "      <td>0</td>\n",
       "      <td>0</td>\n",
       "    </tr>\n",
       "    <tr>\n",
       "      <th>3</th>\n",
       "      <td>3</td>\n",
       "      <td>0</td>\n",
       "      <td>0</td>\n",
       "      <td>45</td>\n",
       "      <td>1</td>\n",
       "      <td>171565</td>\n",
       "      <td>1</td>\n",
       "      <td>1</td>\n",
       "    </tr>\n",
       "    <tr>\n",
       "      <th>4</th>\n",
       "      <td>4</td>\n",
       "      <td>0</td>\n",
       "      <td>0</td>\n",
       "      <td>53</td>\n",
       "      <td>1</td>\n",
       "      <td>149031</td>\n",
       "      <td>1</td>\n",
       "      <td>1</td>\n",
       "    </tr>\n",
       "    <tr>\n",
       "      <th>...</th>\n",
       "      <td>...</td>\n",
       "      <td>...</td>\n",
       "      <td>...</td>\n",
       "      <td>...</td>\n",
       "      <td>...</td>\n",
       "      <td>...</td>\n",
       "      <td>...</td>\n",
       "      <td>...</td>\n",
       "    </tr>\n",
       "    <tr>\n",
       "      <th>1995</th>\n",
       "      <td>1995</td>\n",
       "      <td>1</td>\n",
       "      <td>0</td>\n",
       "      <td>47</td>\n",
       "      <td>1</td>\n",
       "      <td>123525</td>\n",
       "      <td>0</td>\n",
       "      <td>0</td>\n",
       "    </tr>\n",
       "    <tr>\n",
       "      <th>1996</th>\n",
       "      <td>1996</td>\n",
       "      <td>1</td>\n",
       "      <td>1</td>\n",
       "      <td>27</td>\n",
       "      <td>1</td>\n",
       "      <td>117744</td>\n",
       "      <td>1</td>\n",
       "      <td>0</td>\n",
       "    </tr>\n",
       "    <tr>\n",
       "      <th>1997</th>\n",
       "      <td>1997</td>\n",
       "      <td>0</td>\n",
       "      <td>0</td>\n",
       "      <td>31</td>\n",
       "      <td>0</td>\n",
       "      <td>86400</td>\n",
       "      <td>0</td>\n",
       "      <td>0</td>\n",
       "    </tr>\n",
       "    <tr>\n",
       "      <th>1998</th>\n",
       "      <td>1998</td>\n",
       "      <td>1</td>\n",
       "      <td>1</td>\n",
       "      <td>24</td>\n",
       "      <td>1</td>\n",
       "      <td>97968</td>\n",
       "      <td>0</td>\n",
       "      <td>0</td>\n",
       "    </tr>\n",
       "    <tr>\n",
       "      <th>1999</th>\n",
       "      <td>1999</td>\n",
       "      <td>0</td>\n",
       "      <td>0</td>\n",
       "      <td>25</td>\n",
       "      <td>0</td>\n",
       "      <td>68416</td>\n",
       "      <td>0</td>\n",
       "      <td>0</td>\n",
       "    </tr>\n",
       "  </tbody>\n",
       "</table>\n",
       "<p>2000 rows × 8 columns</p>\n",
       "</div>"
      ],
      "text/plain": [
       "      Index  Gender  Marital status  Age  Education  Income  Occupation  \\\n",
       "0         0       0               0   67          2  124670           1   \n",
       "1         1       1               1   22          1  150773           1   \n",
       "2         2       0               0   49          1   89210           0   \n",
       "3         3       0               0   45          1  171565           1   \n",
       "4         4       0               0   53          1  149031           1   \n",
       "...     ...     ...             ...  ...        ...     ...         ...   \n",
       "1995   1995       1               0   47          1  123525           0   \n",
       "1996   1996       1               1   27          1  117744           1   \n",
       "1997   1997       0               0   31          0   86400           0   \n",
       "1998   1998       1               1   24          1   97968           0   \n",
       "1999   1999       0               0   25          0   68416           0   \n",
       "\n",
       "      Settlement size  \n",
       "0                   2  \n",
       "1                   2  \n",
       "2                   0  \n",
       "3                   1  \n",
       "4                   1  \n",
       "...               ...  \n",
       "1995                0  \n",
       "1996                0  \n",
       "1997                0  \n",
       "1998                0  \n",
       "1999                0  \n",
       "\n",
       "[2000 rows x 8 columns]"
      ]
     },
     "metadata": {},
     "output_type": "display_data"
    },
    {
     "name": "stdout",
     "output_type": "stream",
     "text": [
      "[[     0      0     67 ... 124670      1      2]\n",
      " [     1      1     22 ... 150773      1      2]\n",
      " [     0      0     49 ...  89210      0      0]\n",
      " ...\n",
      " [     0      0     31 ...  86400      0      0]\n",
      " [     1      1     24 ...  97968      0      0]\n",
      " [     0      0     25 ...  68416      0      0]]\n",
      "(2000, 7)\n"
     ]
    }
   ],
   "source": [
    "customer_data = pd.read_csv('customer_gmm.csv')\n",
    "display(customer_data)\n",
    "customer_data = (np.array(customer_data))[:, 1:]\n",
    "print(customer_data)\n",
    "print(customer_data.shape)\n"
   ]
  },
  {
   "cell_type": "markdown",
   "metadata": {},
   "source": [
    "# Implementation of Guassian Mixture Models in Python"
   ]
  },
  {
   "cell_type": "code",
   "execution_count": 74,
   "metadata": {},
   "outputs": [],
   "source": [
    "import numpy as np\n",
    "from scipy.stats import multivariate_normal\n",
    "\n",
    "class GMM:\n",
    "    def __init__(self, n_components, iterations=100, threshold=0.004, min_covar=5e-9):\n",
    "        self.n_components = n_components\n",
    "        self.means_ = None\n",
    "        self.covariances_ = None\n",
    "        self.prior_ = None\n",
    "        self.wij = None\n",
    "        self.iterations = iterations\n",
    "        self.threshold = threshold\n",
    "        self.converged = False\n",
    "        self.log_likelihood_trace = []\n",
    "        self.min_covar = min_covar\n",
    "\n",
    "    def initialize_parameters(self, data):\n",
    "        n_samples, n_features = data.shape\n",
    "        self.wij = np.zeros((n_samples, self.n_components))\n",
    "        np.random.seed(4)\n",
    "        chosen = np.random.choice(n_samples, self.n_components, replace=False)\n",
    "        self.means_ = data[chosen]\n",
    "        self.prior_ = np.full(self.n_components, 1 / self.n_components)\n",
    "        self.covariances_ = np.tile(np.identity(n_features), (self.n_components, 1, 1))\n",
    "        return self.means_, self.covariances_, self.prior_\n",
    "\n",
    "    def fit(self, data):\n",
    "        means_, covariances_, prior_ = self.initialize_parameters(data)\n",
    "        log_likelihood = 0\n",
    "        for _ in range(self.iterations):\n",
    "            new_log_likelihood = self.expectation_step(data)\n",
    "            self.maximization_step(data)\n",
    "            if abs(new_log_likelihood - log_likelihood) <= self.threshold:\n",
    "                self.converged = True\n",
    "                break\n",
    "            log_likelihood = new_log_likelihood\n",
    "            self.log_likelihood_trace.append(log_likelihood)\n",
    "        return means_, covariances_, prior_\n",
    "\n",
    "    def get_parameters(self):\n",
    "        return self.means_, self.covariances_, self.prior_\n",
    "\n",
    "    def manual_multivariate_normal_pdf(self, X, mean, covariance):\n",
    "        n_samples = X.shape[0]\n",
    "        n_features = X.shape[1]\n",
    "        det_cov = np.linalg.det(covariance)\n",
    "        inv_cov = np.linalg.inv(covariance)\n",
    "        pdf_values = np.zeros(n_samples)\n",
    "\n",
    "        for i in range(n_samples):\n",
    "            diff = X[i, :] - mean\n",
    "            exponent = -0.5 * np.dot(np.dot(diff, inv_cov), diff)\n",
    "            normalization = 1 / ((2 * np.pi) ** (n_features / 2) * np.sqrt(det_cov))\n",
    "            pdf_values[i] = normalization * np.exp(exponent)\n",
    "\n",
    "        return pdf_values\n",
    "\n",
    "    def expectation_step(self, X):\n",
    "        for component in range(self.n_components):\n",
    "            self.wij[:, component] = self.prior_[component] * self.manual_multivariate_normal_pdf(X, self.means_[component], self.covariances_[component])\n",
    "        epsilon = 1e-16\n",
    "        log_likelihood = np.sum(np.log(np.sum(self.wij, axis=1) + epsilon))\n",
    "        self.wij = self.wij / (self.wij.sum(axis=1, keepdims=1) + epsilon)\n",
    "        return log_likelihood\n",
    "\n",
    "    def maximization_step(self, X):\n",
    "        responsibility_weight_sum = self.wij.sum(axis=0)\n",
    "        self.prior_ = responsibility_weight_sum / X.shape[0]\n",
    "        self.means_ = np.dot(self.wij.T, X) / responsibility_weight_sum.reshape(-1, 1)\n",
    "\n",
    "        for component in range(self.n_components):\n",
    "            self.covariances_[component] = np.dot(self.wij[:, component] * (X - self.means_[component]).T, (X - self.means_[component])) / responsibility_weight_sum[component]\n",
    "            self.covariances_[component] += self.min_covar * np.identity(X.shape[1])\n",
    "        print(\"Iteration\")\n",
    "        print(self.means_)\n",
    "        print(self.covariances_)\n",
    "        print(self.prior_)\n"
   ]
  },
  {
   "cell_type": "code",
   "execution_count": 83,
   "metadata": {},
   "outputs": [
    {
     "name": "stdout",
     "output_type": "stream",
     "text": [
      "Iteration\n",
      "[[1.00000000e+000 6.07477696e-040 3.20000000e+001 1.00000000e+000\n",
      "  9.80230000e+004 1.00000000e+000 6.90789617e-015]\n",
      " [1.00000000e+000 1.00000000e+000 3.30000000e+001 1.00000000e+000\n",
      "  8.44040000e+004 0.00000000e+000 0.00000000e+000]\n",
      " [1.00000000e+000 1.00000000e+000 2.70000000e+001 1.00000000e+000\n",
      "  3.82470000e+004 0.00000000e+000 0.00000000e+000]\n",
      " [0.00000000e+000 3.06379956e-046 3.10000000e+001 6.12759912e-046\n",
      "  8.22380000e+004 0.00000000e+000 0.00000000e+000]\n",
      " [0.00000000e+000 0.00000000e+000 3.00000000e+001 4.36641709e-067\n",
      "  1.49022000e+005 2.00000000e+000 2.00000000e+000]\n",
      " [1.00000000e+000 1.00000000e+000 2.70000000e+001 1.00000000e+000\n",
      "  6.44720000e+004 0.00000000e+000 0.00000000e+000]\n",
      " [0.00000000e+000 0.00000000e+000 4.10000000e+001 1.00000000e+000\n",
      "  7.16030000e+004 0.00000000e+000 0.00000000e+000]\n",
      " [1.00000000e+000 3.84592753e-250 4.90000000e+001 1.00000000e+000\n",
      "  1.22391000e+005 3.84592753e-250 0.00000000e+000]\n",
      " [5.00000000e-001 5.00000000e-001 2.55000000e+001 5.00000000e-001\n",
      "  1.24537500e+005 1.00000000e+000 1.50000000e+000]\n",
      " [9.99966344e-001 9.99966344e-001 2.00002019e+001 9.99966344e-001\n",
      "  1.15445000e+005 1.00000000e+000 9.99966344e-001]\n",
      " [1.00000000e+000 1.00000000e+000 2.40000000e+001 1.00000000e+000\n",
      "  1.27596000e+005 1.00000000e+000 1.07581528e-108]\n",
      " [5.19280189e-018 1.00000000e+000 3.40000000e+001 1.00000000e+000\n",
      "  1.10145000e+005 1.00000000e+000 2.00000000e+000]\n",
      " [1.00000000e+000 1.00000000e+000 2.30000000e+001 1.00000000e+000\n",
      "  1.15681000e+005 1.00000000e+000 1.00000000e+000]\n",
      " [1.00000000e+000 1.00000000e+000 2.30000000e+001 1.00000000e+000\n",
      "  1.07406000e+005 1.00000000e+000 2.00000000e+000]\n",
      " [1.00000000e+000 0.00000000e+000 4.80000000e+001 2.00000000e+000\n",
      "  1.18749000e+005 1.25431861e-010 8.28425258e-160]]\n",
      "[[[ 5.00000345e-009  2.09819642e-054 -2.07236885e-014  0.00000000e+000\n",
      "   -3.10855328e-014 -2.09075075e-054 -6.90789617e-015]\n",
      "  [ 2.09819642e-054  5.00000000e-009 -1.82243309e-039  0.00000000e+000\n",
      "   -9.11216544e-039 -6.07477696e-040 -4.19639285e-054]\n",
      "  [-2.07236885e-014 -1.82243309e-039  5.00012434e-009  0.00000000e+000\n",
      "    1.86513197e-013  1.82243309e-039  4.14473770e-014]\n",
      "  [ 0.00000000e+000  0.00000000e+000  0.00000000e+000  5.00000000e-009\n",
      "    0.00000000e+000  0.00000000e+000  0.00000000e+000]\n",
      "  [-3.10855328e-014 -9.11216544e-039  1.86513197e-013  0.00000000e+000\n",
      "    5.00027977e-009  9.11216544e-039  6.21710655e-014]\n",
      "  [-2.09075075e-054 -6.07477696e-040  1.82243309e-039  0.00000000e+000\n",
      "    9.11216544e-039  5.00000000e-009  4.19639285e-054]\n",
      "  [-6.90789617e-015 -4.19639285e-054  4.14473770e-014  0.00000000e+000\n",
      "    6.21710655e-014  4.19639285e-054  5.00001382e-009]]\n",
      "\n",
      " [[ 5.00000000e-009  0.00000000e+000  0.00000000e+000  0.00000000e+000\n",
      "    0.00000000e+000  0.00000000e+000  0.00000000e+000]\n",
      "  [ 0.00000000e+000  5.00000000e-009  0.00000000e+000  0.00000000e+000\n",
      "    0.00000000e+000  0.00000000e+000  0.00000000e+000]\n",
      "  [ 0.00000000e+000  0.00000000e+000  5.00000000e-009  0.00000000e+000\n",
      "    0.00000000e+000  0.00000000e+000  0.00000000e+000]\n",
      "  [ 0.00000000e+000  0.00000000e+000  0.00000000e+000  5.00000000e-009\n",
      "    0.00000000e+000  0.00000000e+000  0.00000000e+000]\n",
      "  [ 0.00000000e+000  0.00000000e+000  0.00000000e+000  0.00000000e+000\n",
      "    5.00000000e-009  0.00000000e+000  0.00000000e+000]\n",
      "  [ 0.00000000e+000  0.00000000e+000  0.00000000e+000  0.00000000e+000\n",
      "    0.00000000e+000  5.00000000e-009  0.00000000e+000]\n",
      "  [ 0.00000000e+000  0.00000000e+000  0.00000000e+000  0.00000000e+000\n",
      "    0.00000000e+000  0.00000000e+000  5.00000000e-009]]\n",
      "\n",
      " [[ 5.00000000e-009  0.00000000e+000  0.00000000e+000  0.00000000e+000\n",
      "    0.00000000e+000  0.00000000e+000  0.00000000e+000]\n",
      "  [ 0.00000000e+000  5.00000000e-009  0.00000000e+000  0.00000000e+000\n",
      "    0.00000000e+000  0.00000000e+000  0.00000000e+000]\n",
      "  [ 0.00000000e+000  0.00000000e+000  5.00000000e-009  0.00000000e+000\n",
      "    0.00000000e+000  0.00000000e+000  0.00000000e+000]\n",
      "  [ 0.00000000e+000  0.00000000e+000  0.00000000e+000  5.00000000e-009\n",
      "    0.00000000e+000  0.00000000e+000  0.00000000e+000]\n",
      "  [ 0.00000000e+000  0.00000000e+000  0.00000000e+000  0.00000000e+000\n",
      "    5.00000000e-009  0.00000000e+000  0.00000000e+000]\n",
      "  [ 0.00000000e+000  0.00000000e+000  0.00000000e+000  0.00000000e+000\n",
      "    0.00000000e+000  5.00000000e-009  0.00000000e+000]\n",
      "  [ 0.00000000e+000  0.00000000e+000  0.00000000e+000  0.00000000e+000\n",
      "    0.00000000e+000  0.00000000e+000  5.00000000e-009]]\n",
      "\n",
      " [[ 5.00000000e-009  0.00000000e+000  0.00000000e+000  0.00000000e+000\n",
      "    0.00000000e+000  0.00000000e+000  0.00000000e+000]\n",
      "  [ 0.00000000e+000  5.00000000e-009  4.90207930e-045  6.12759912e-046\n",
      "    6.12759912e-046  0.00000000e+000  0.00000000e+000]\n",
      "  [ 0.00000000e+000  4.90207930e-045  5.00000000e-009  9.80415859e-045\n",
      "    9.80415859e-045  0.00000000e+000  0.00000000e+000]\n",
      "  [ 0.00000000e+000  6.12759912e-046  9.80415859e-045  5.00000000e-009\n",
      "    1.22551982e-045  0.00000000e+000  0.00000000e+000]\n",
      "  [ 0.00000000e+000  6.12759912e-046  9.80415859e-045  1.22551982e-045\n",
      "    5.00000000e-009  0.00000000e+000  0.00000000e+000]\n",
      "  [ 0.00000000e+000  0.00000000e+000  0.00000000e+000  0.00000000e+000\n",
      "    0.00000000e+000  5.00000000e-009  0.00000000e+000]\n",
      "  [ 0.00000000e+000  0.00000000e+000  0.00000000e+000  0.00000000e+000\n",
      "    0.00000000e+000  0.00000000e+000  5.00000000e-009]]\n",
      "\n",
      " [[ 5.00000000e-009  0.00000000e+000  0.00000000e+000  0.00000000e+000\n",
      "    0.00000000e+000  0.00000000e+000  0.00000000e+000]\n",
      "  [ 0.00000000e+000  5.00000000e-009  0.00000000e+000  0.00000000e+000\n",
      "    0.00000000e+000  0.00000000e+000  0.00000000e+000]\n",
      "  [ 0.00000000e+000  0.00000000e+000  5.00000000e-009  2.61985025e-066\n",
      "    4.71573046e-065 -1.90874685e-120 -1.90874685e-120]\n",
      "  [ 0.00000000e+000  0.00000000e+000  2.61985025e-066  5.00000000e-009\n",
      "    7.85955076e-066 -8.29889937e-122 -8.29889937e-122]\n",
      "  [ 0.00000000e+000  0.00000000e+000  4.71573046e-065  7.85955076e-066\n",
      "    5.00000000e-009 -7.46900943e-121 -7.46900943e-121]\n",
      "  [ 0.00000000e+000  0.00000000e+000 -1.90874685e-120 -8.29889937e-122\n",
      "   -7.46900943e-121  5.00000000e-009  8.29889937e-122]\n",
      "  [ 0.00000000e+000  0.00000000e+000 -1.90874685e-120 -8.29889937e-122\n",
      "   -7.46900943e-121  8.29889937e-122  5.00000000e-009]]\n",
      "\n",
      " [[ 5.00000000e-009  0.00000000e+000  0.00000000e+000  0.00000000e+000\n",
      "    0.00000000e+000  0.00000000e+000  0.00000000e+000]\n",
      "  [ 0.00000000e+000  5.00000000e-009  0.00000000e+000  0.00000000e+000\n",
      "    0.00000000e+000  0.00000000e+000  0.00000000e+000]\n",
      "  [ 0.00000000e+000  0.00000000e+000  5.00000000e-009  0.00000000e+000\n",
      "    0.00000000e+000  0.00000000e+000  0.00000000e+000]\n",
      "  [ 0.00000000e+000  0.00000000e+000  0.00000000e+000  5.00000000e-009\n",
      "    0.00000000e+000  0.00000000e+000  0.00000000e+000]\n",
      "  [ 0.00000000e+000  0.00000000e+000  0.00000000e+000  0.00000000e+000\n",
      "    5.00000000e-009  0.00000000e+000  0.00000000e+000]\n",
      "  [ 0.00000000e+000  0.00000000e+000  0.00000000e+000  0.00000000e+000\n",
      "    0.00000000e+000  5.00000000e-009  0.00000000e+000]\n",
      "  [ 0.00000000e+000  0.00000000e+000  0.00000000e+000  0.00000000e+000\n",
      "    0.00000000e+000  0.00000000e+000  5.00000000e-009]]\n",
      "\n",
      " [[ 5.00000000e-009  0.00000000e+000  0.00000000e+000  0.00000000e+000\n",
      "    0.00000000e+000  0.00000000e+000  0.00000000e+000]\n",
      "  [ 0.00000000e+000  5.00000000e-009  0.00000000e+000  0.00000000e+000\n",
      "    0.00000000e+000  0.00000000e+000  0.00000000e+000]\n",
      "  [ 0.00000000e+000  0.00000000e+000  5.00000000e-009  0.00000000e+000\n",
      "    0.00000000e+000  0.00000000e+000  0.00000000e+000]\n",
      "  [ 0.00000000e+000  0.00000000e+000  0.00000000e+000  5.00000000e-009\n",
      "    0.00000000e+000  0.00000000e+000  0.00000000e+000]\n",
      "  [ 0.00000000e+000  0.00000000e+000  0.00000000e+000  0.00000000e+000\n",
      "    5.00000000e-009  0.00000000e+000  0.00000000e+000]\n",
      "  [ 0.00000000e+000  0.00000000e+000  0.00000000e+000  0.00000000e+000\n",
      "    0.00000000e+000  5.00000000e-009  0.00000000e+000]\n",
      "  [ 0.00000000e+000  0.00000000e+000  0.00000000e+000  0.00000000e+000\n",
      "    0.00000000e+000  0.00000000e+000  5.00000000e-009]]\n",
      "\n",
      " [[ 5.00000000e-009  0.00000000e+000  0.00000000e+000  0.00000000e+000\n",
      "    0.00000000e+000  0.00000000e+000  0.00000000e+000]\n",
      "  [ 0.00000000e+000  5.00000000e-009 -7.30726230e-249  0.00000000e+000\n",
      "    1.11531898e-248  3.84592753e-250  0.00000000e+000]\n",
      "  [ 0.00000000e+000 -7.30726230e-249  5.00000000e-009  0.00000000e+000\n",
      "   -2.11910607e-247 -7.30726230e-249  0.00000000e+000]\n",
      "  [ 0.00000000e+000  0.00000000e+000  0.00000000e+000  5.00000000e-009\n",
      "    0.00000000e+000  0.00000000e+000  0.00000000e+000]\n",
      "  [ 0.00000000e+000  1.11531898e-248 -2.11910607e-247  0.00000000e+000\n",
      "    5.00000000e-009  1.11531898e-248  0.00000000e+000]\n",
      "  [ 0.00000000e+000  3.84592753e-250 -7.30726230e-249  0.00000000e+000\n",
      "    1.11531898e-248  5.00000000e-009  0.00000000e+000]\n",
      "  [ 0.00000000e+000  0.00000000e+000  0.00000000e+000  0.00000000e+000\n",
      "    0.00000000e+000  0.00000000e+000  5.00000000e-009]]\n",
      "\n",
      " [[ 2.50000005e-001  2.50000000e-001 -2.50000000e-001  2.50000000e-001\n",
      "    7.50000000e-001  1.66251110e-075 -2.50000000e-001]\n",
      "  [ 2.50000000e-001  2.50000005e-001 -2.50000000e-001  2.50000000e-001\n",
      "    7.50000000e-001  1.66251110e-075 -2.50000000e-001]\n",
      "  [-2.50000000e-001 -2.50000000e-001  2.50000005e-001 -2.50000000e-001\n",
      "   -7.50000000e-001 -4.15627774e-074  2.50000000e-001]\n",
      "  [ 2.50000000e-001  2.50000000e-001 -2.50000000e-001  2.50000005e-001\n",
      "    7.50000000e-001 -1.66251110e-075 -2.50000000e-001]\n",
      "  [ 7.50000000e-001  7.50000000e-001 -7.50000000e-001  7.50000000e-001\n",
      "    2.25000000e+000 -5.48628662e-074 -7.50000000e-001]\n",
      "  [ 1.66251110e-075  1.66251110e-075 -4.15627774e-074 -1.66251110e-075\n",
      "   -5.48628662e-074  5.00000000e-009  1.66251110e-075]\n",
      "  [-2.50000000e-001 -2.50000000e-001  2.50000000e-001 -2.50000000e-001\n",
      "   -7.50000000e-001  1.66251110e-075  2.50000005e-001]]\n",
      "\n",
      " [[ 3.36596469e-005  3.36546469e-005 -2.01927882e-004  3.36546469e-005\n",
      "   -2.01927882e-004  1.03741945e-130  3.36546469e-005]\n",
      "  [ 3.36546469e-005  3.36596469e-005 -2.01927882e-004  3.36546469e-005\n",
      "   -2.01927882e-004  1.03741945e-130  3.36546469e-005]\n",
      "  [-2.01927882e-004 -2.01927882e-004  1.21157229e-003 -2.01927882e-004\n",
      "    1.21156729e-003 -1.76365147e-129 -2.01927882e-004]\n",
      "  [ 3.36546469e-005  3.36546469e-005 -2.01927882e-004  3.36596469e-005\n",
      "   -2.01927882e-004 -3.49163355e-135  3.36546469e-005]\n",
      "  [-2.01927882e-004 -2.01927882e-004  1.21156729e-003 -2.01927882e-004\n",
      "    1.21157229e-003  1.97118424e-129 -2.01927882e-004]\n",
      "  [ 1.03741945e-130  1.03741945e-130 -1.76365147e-129 -3.49163355e-135\n",
      "    1.97118424e-129  5.00000000e-009  1.03741945e-130]\n",
      "  [ 3.36546469e-005  3.36546469e-005 -2.01927882e-004  3.36546469e-005\n",
      "   -2.01927882e-004  1.03741945e-130  3.36596469e-005]]\n",
      "\n",
      " [[ 5.00000000e-009  5.37907642e-109 -1.18339681e-107  0.00000000e+000\n",
      "    4.30326114e-108  1.66099992e-196 -1.07581528e-108]\n",
      "  [ 5.37907642e-109  5.00000000e-009 -1.18339681e-107  0.00000000e+000\n",
      "    4.30326114e-108  1.66099992e-196 -1.07581528e-108]\n",
      "  [-1.18339681e-107 -1.18339681e-107  5.00000000e-009  0.00000000e+000\n",
      "   -9.46717450e-107 -4.65079977e-195  2.36679363e-107]\n",
      "  [ 0.00000000e+000  0.00000000e+000  0.00000000e+000  5.00000000e-009\n",
      "    0.00000000e+000  0.00000000e+000  0.00000000e+000]\n",
      "  [ 4.30326114e-108  4.30326114e-108 -9.46717450e-107  0.00000000e+000\n",
      "    5.00000000e-009 -2.15929989e-195 -8.60652228e-108]\n",
      "  [ 1.66099992e-196  1.66099992e-196 -4.65079977e-195  0.00000000e+000\n",
      "   -2.15929989e-195  5.00000000e-009 -1.66099992e-196]\n",
      "  [-1.07581528e-108 -1.07581528e-108  2.36679363e-107  0.00000000e+000\n",
      "   -8.60652228e-108 -1.66099992e-196  5.00000000e-009]]\n",
      "\n",
      " [[ 5.00000001e-009  7.61970720e-050 -3.63496161e-017  0.00000000e+000\n",
      "    4.67352006e-017  4.69261538e-288 -1.03856028e-017]\n",
      "  [ 7.61970720e-050  5.00000000e-009 -1.46735950e-032  0.00000000e+000\n",
      "   -2.05430331e-031  9.03676951e-271  2.93471901e-032]\n",
      "  [-3.63496161e-017 -1.46735950e-032  5.00000025e-009  0.00000000e+000\n",
      "   -3.27146381e-016 -9.03676951e-271  7.26992225e-017]\n",
      "  [ 0.00000000e+000  0.00000000e+000  0.00000000e+000  5.00000000e-009\n",
      "    0.00000000e+000  0.00000000e+000  0.00000000e+000]\n",
      "  [ 4.67352006e-017 -2.05430331e-031 -3.27146381e-016  0.00000000e+000\n",
      "    5.00000042e-009 -3.25323702e-269 -9.34704089e-017]\n",
      "  [ 4.69261538e-288  9.03676951e-271 -9.03676951e-271  0.00000000e+000\n",
      "   -3.25323702e-269  5.00000000e-009  0.00000000e+000]\n",
      "  [-1.03856028e-017  2.93471901e-032  7.26992225e-017  0.00000000e+000\n",
      "   -9.34704089e-017  0.00000000e+000  5.00000002e-009]]\n",
      "\n",
      " [[ 5.01697536e-009  1.69753564e-011  1.69753564e-011  1.69753564e-011\n",
      "   -1.69753564e-010  0.00000000e+000 -1.69753564e-011]\n",
      "  [ 1.69753564e-011  5.01697536e-009  1.69753564e-011  1.69753564e-011\n",
      "   -1.69753564e-010  0.00000000e+000 -1.69753564e-011]\n",
      "  [ 1.69753564e-011  1.69753564e-011  5.01697536e-009  1.69753564e-011\n",
      "   -1.69753564e-010  0.00000000e+000 -1.69753564e-011]\n",
      "  [ 1.69753564e-011  1.69753564e-011  1.69753564e-011  5.01697536e-009\n",
      "   -1.69753564e-010  0.00000000e+000 -1.69753564e-011]\n",
      "  [-1.69753564e-010 -1.69753564e-010 -1.69753564e-010 -1.69753564e-010\n",
      "    6.69753564e-009  0.00000000e+000  1.69753564e-010]\n",
      "  [ 0.00000000e+000  0.00000000e+000  0.00000000e+000  0.00000000e+000\n",
      "    0.00000000e+000  5.00000000e-009  0.00000000e+000]\n",
      "  [-1.69753564e-011 -1.69753564e-011 -1.69753564e-011 -1.69753564e-011\n",
      "    1.69753564e-010  0.00000000e+000  5.01697536e-009]]\n",
      "\n",
      " [[ 5.00000000e-009  2.13088321e-215 -4.04867811e-214  0.00000000e+000\n",
      "    5.54029636e-214  2.13088321e-215  4.26176643e-215]\n",
      "  [ 2.13088321e-215  5.00000000e-009 -6.27403697e-172  0.00000000e+000\n",
      "    5.41848648e-172  2.13088321e-215  5.70366997e-173]\n",
      "  [-4.04867811e-214 -6.27403697e-172  5.00000000e-009  0.00000000e+000\n",
      "    1.48110001e-019  2.87205703e-021 -5.10785441e-020]\n",
      "  [ 0.00000000e+000  0.00000000e+000  0.00000000e+000  5.00000000e-009\n",
      "    0.00000000e+000  0.00000000e+000  0.00000000e+000]\n",
      "  [ 5.54029636e-214  5.41848648e-172  1.48110001e-019  0.00000000e+000\n",
      "    5.00000000e-009  3.44646843e-020  5.94589256e-020]\n",
      "  [ 2.13088321e-215  2.13088321e-215  2.87205703e-021  0.00000000e+000\n",
      "    3.44646843e-020  5.00000000e-009  5.74411405e-021]\n",
      "  [ 4.26176643e-215  5.70366997e-173 -5.10785441e-020  0.00000000e+000\n",
      "    5.94589256e-020  5.74411405e-021  5.00000000e-009]]\n",
      "\n",
      " [[ 5.12543186e-009  0.00000000e+000  8.78023026e-010  1.25431861e-010\n",
      "    8.78023026e-010 -1.25431861e-010 -8.28425258e-160]\n",
      "  [ 0.00000000e+000  5.00000000e-009  0.00000000e+000  0.00000000e+000\n",
      "    0.00000000e+000  0.00000000e+000  0.00000000e+000]\n",
      "  [ 8.78023026e-010  0.00000000e+000  1.11461612e-008  8.78023026e-010\n",
      "    6.14616118e-009 -8.78023026e-010  7.27376452e-169]\n",
      "  [ 1.25431861e-010  0.00000000e+000  8.78023026e-010  5.12543186e-009\n",
      "    8.78023026e-010 -1.25431861e-010 -8.28425258e-160]\n",
      "  [ 8.78023026e-010  0.00000000e+000  6.14616118e-009  8.78023026e-010\n",
      "    1.11461612e-008 -8.78023026e-010  2.31959072e-158]\n",
      "  [-1.25431861e-010  0.00000000e+000 -8.78023026e-010 -1.25431861e-010\n",
      "   -8.78023026e-010  5.12543186e-009  8.28425258e-160]\n",
      "  [-8.28425258e-160  0.00000000e+000  7.27376452e-169 -8.28425258e-160\n",
      "    2.31959072e-158  8.28425258e-160  5.00000000e-009]]]\n",
      "[0.0005     0.0005     0.0005     0.0005     0.0005     0.0005\n",
      " 0.0005     0.0005     0.001      0.00050002 0.0005     0.0005\n",
      " 0.0005     0.0005     0.0005    ]\n",
      "Iteration\n",
      "[[1.000000e+00 0.000000e+00 3.200000e+01 1.000000e+00 9.802300e+04\n",
      "  1.000000e+00 0.000000e+00]\n",
      " [1.000000e+00 1.000000e+00 3.300000e+01 1.000000e+00 8.440400e+04\n",
      "  0.000000e+00 0.000000e+00]\n",
      " [1.000000e+00 1.000000e+00 2.700000e+01 1.000000e+00 3.824700e+04\n",
      "  0.000000e+00 0.000000e+00]\n",
      " [0.000000e+00 0.000000e+00 3.100000e+01 0.000000e+00 8.223800e+04\n",
      "  0.000000e+00 0.000000e+00]\n",
      " [0.000000e+00 0.000000e+00 3.000000e+01 0.000000e+00 1.490220e+05\n",
      "  2.000000e+00 2.000000e+00]\n",
      " [1.000000e+00 1.000000e+00 2.700000e+01 1.000000e+00 6.447200e+04\n",
      "  0.000000e+00 0.000000e+00]\n",
      " [0.000000e+00 0.000000e+00 4.100000e+01 1.000000e+00 7.160300e+04\n",
      "  0.000000e+00 0.000000e+00]\n",
      " [1.000000e+00 0.000000e+00 4.900000e+01 1.000000e+00 1.223910e+05\n",
      "  0.000000e+00 0.000000e+00]\n",
      " [5.000000e-01 5.000000e-01 2.550000e+01 5.000000e-01 1.245375e+05\n",
      "  1.000000e+00 1.500000e+00]\n",
      " [1.000000e+00 1.000000e+00 2.000000e+01 1.000000e+00 1.154450e+05\n",
      "  1.000000e+00 1.000000e+00]\n",
      " [1.000000e+00 1.000000e+00 2.400000e+01 1.000000e+00 1.275960e+05\n",
      "  1.000000e+00 0.000000e+00]\n",
      " [0.000000e+00 1.000000e+00 3.400000e+01 1.000000e+00 1.101450e+05\n",
      "  1.000000e+00 2.000000e+00]\n",
      " [1.000000e+00 1.000000e+00 2.300000e+01 1.000000e+00 1.156810e+05\n",
      "  1.000000e+00 1.000000e+00]\n",
      " [1.000000e+00 1.000000e+00 2.300000e+01 1.000000e+00 1.074060e+05\n",
      "  1.000000e+00 2.000000e+00]\n",
      " [1.000000e+00 0.000000e+00 4.800000e+01 2.000000e+00 1.187490e+05\n",
      "  0.000000e+00 0.000000e+00]]\n",
      "[[[ 5.00000000e-09  0.00000000e+00  0.00000000e+00  0.00000000e+00\n",
      "    0.00000000e+00  0.00000000e+00  0.00000000e+00]\n",
      "  [ 0.00000000e+00  5.00000000e-09  0.00000000e+00  0.00000000e+00\n",
      "    0.00000000e+00  0.00000000e+00  0.00000000e+00]\n",
      "  [ 0.00000000e+00  0.00000000e+00  5.00000000e-09  0.00000000e+00\n",
      "    0.00000000e+00  0.00000000e+00  0.00000000e+00]\n",
      "  [ 0.00000000e+00  0.00000000e+00  0.00000000e+00  5.00000000e-09\n",
      "    0.00000000e+00  0.00000000e+00  0.00000000e+00]\n",
      "  [ 0.00000000e+00  0.00000000e+00  0.00000000e+00  0.00000000e+00\n",
      "    5.00000000e-09  0.00000000e+00  0.00000000e+00]\n",
      "  [ 0.00000000e+00  0.00000000e+00  0.00000000e+00  0.00000000e+00\n",
      "    0.00000000e+00  5.00000000e-09  0.00000000e+00]\n",
      "  [ 0.00000000e+00  0.00000000e+00  0.00000000e+00  0.00000000e+00\n",
      "    0.00000000e+00  0.00000000e+00  5.00000000e-09]]\n",
      "\n",
      " [[ 5.00000000e-09  0.00000000e+00  0.00000000e+00  0.00000000e+00\n",
      "    0.00000000e+00  0.00000000e+00  0.00000000e+00]\n",
      "  [ 0.00000000e+00  5.00000000e-09  0.00000000e+00  0.00000000e+00\n",
      "    0.00000000e+00  0.00000000e+00  0.00000000e+00]\n",
      "  [ 0.00000000e+00  0.00000000e+00  5.00000000e-09  0.00000000e+00\n",
      "    0.00000000e+00  0.00000000e+00  0.00000000e+00]\n",
      "  [ 0.00000000e+00  0.00000000e+00  0.00000000e+00  5.00000000e-09\n",
      "    0.00000000e+00  0.00000000e+00  0.00000000e+00]\n",
      "  [ 0.00000000e+00  0.00000000e+00  0.00000000e+00  0.00000000e+00\n",
      "    5.00000000e-09  0.00000000e+00  0.00000000e+00]\n",
      "  [ 0.00000000e+00  0.00000000e+00  0.00000000e+00  0.00000000e+00\n",
      "    0.00000000e+00  5.00000000e-09  0.00000000e+00]\n",
      "  [ 0.00000000e+00  0.00000000e+00  0.00000000e+00  0.00000000e+00\n",
      "    0.00000000e+00  0.00000000e+00  5.00000000e-09]]\n",
      "\n",
      " [[ 5.00000000e-09  0.00000000e+00  0.00000000e+00  0.00000000e+00\n",
      "    0.00000000e+00  0.00000000e+00  0.00000000e+00]\n",
      "  [ 0.00000000e+00  5.00000000e-09  0.00000000e+00  0.00000000e+00\n",
      "    0.00000000e+00  0.00000000e+00  0.00000000e+00]\n",
      "  [ 0.00000000e+00  0.00000000e+00  5.00000000e-09  0.00000000e+00\n",
      "    0.00000000e+00  0.00000000e+00  0.00000000e+00]\n",
      "  [ 0.00000000e+00  0.00000000e+00  0.00000000e+00  5.00000000e-09\n",
      "    0.00000000e+00  0.00000000e+00  0.00000000e+00]\n",
      "  [ 0.00000000e+00  0.00000000e+00  0.00000000e+00  0.00000000e+00\n",
      "    5.00000000e-09  0.00000000e+00  0.00000000e+00]\n",
      "  [ 0.00000000e+00  0.00000000e+00  0.00000000e+00  0.00000000e+00\n",
      "    0.00000000e+00  5.00000000e-09  0.00000000e+00]\n",
      "  [ 0.00000000e+00  0.00000000e+00  0.00000000e+00  0.00000000e+00\n",
      "    0.00000000e+00  0.00000000e+00  5.00000000e-09]]\n",
      "\n",
      " [[ 5.00000000e-09  0.00000000e+00  0.00000000e+00  0.00000000e+00\n",
      "    0.00000000e+00  0.00000000e+00  0.00000000e+00]\n",
      "  [ 0.00000000e+00  5.00000000e-09  0.00000000e+00  0.00000000e+00\n",
      "    0.00000000e+00  0.00000000e+00  0.00000000e+00]\n",
      "  [ 0.00000000e+00  0.00000000e+00  5.00000000e-09  0.00000000e+00\n",
      "    0.00000000e+00  0.00000000e+00  0.00000000e+00]\n",
      "  [ 0.00000000e+00  0.00000000e+00  0.00000000e+00  5.00000000e-09\n",
      "    0.00000000e+00  0.00000000e+00  0.00000000e+00]\n",
      "  [ 0.00000000e+00  0.00000000e+00  0.00000000e+00  0.00000000e+00\n",
      "    5.00000000e-09  0.00000000e+00  0.00000000e+00]\n",
      "  [ 0.00000000e+00  0.00000000e+00  0.00000000e+00  0.00000000e+00\n",
      "    0.00000000e+00  5.00000000e-09  0.00000000e+00]\n",
      "  [ 0.00000000e+00  0.00000000e+00  0.00000000e+00  0.00000000e+00\n",
      "    0.00000000e+00  0.00000000e+00  5.00000000e-09]]\n",
      "\n",
      " [[ 5.00000000e-09  0.00000000e+00  0.00000000e+00  0.00000000e+00\n",
      "    0.00000000e+00  0.00000000e+00  0.00000000e+00]\n",
      "  [ 0.00000000e+00  5.00000000e-09  0.00000000e+00  0.00000000e+00\n",
      "    0.00000000e+00  0.00000000e+00  0.00000000e+00]\n",
      "  [ 0.00000000e+00  0.00000000e+00  5.00000000e-09  0.00000000e+00\n",
      "    0.00000000e+00  0.00000000e+00  0.00000000e+00]\n",
      "  [ 0.00000000e+00  0.00000000e+00  0.00000000e+00  5.00000000e-09\n",
      "    0.00000000e+00  0.00000000e+00  0.00000000e+00]\n",
      "  [ 0.00000000e+00  0.00000000e+00  0.00000000e+00  0.00000000e+00\n",
      "    5.00000000e-09  0.00000000e+00  0.00000000e+00]\n",
      "  [ 0.00000000e+00  0.00000000e+00  0.00000000e+00  0.00000000e+00\n",
      "    0.00000000e+00  5.00000000e-09  0.00000000e+00]\n",
      "  [ 0.00000000e+00  0.00000000e+00  0.00000000e+00  0.00000000e+00\n",
      "    0.00000000e+00  0.00000000e+00  5.00000000e-09]]\n",
      "\n",
      " [[ 5.00000000e-09  0.00000000e+00  0.00000000e+00  0.00000000e+00\n",
      "    0.00000000e+00  0.00000000e+00  0.00000000e+00]\n",
      "  [ 0.00000000e+00  5.00000000e-09  0.00000000e+00  0.00000000e+00\n",
      "    0.00000000e+00  0.00000000e+00  0.00000000e+00]\n",
      "  [ 0.00000000e+00  0.00000000e+00  5.00000000e-09  0.00000000e+00\n",
      "    0.00000000e+00  0.00000000e+00  0.00000000e+00]\n",
      "  [ 0.00000000e+00  0.00000000e+00  0.00000000e+00  5.00000000e-09\n",
      "    0.00000000e+00  0.00000000e+00  0.00000000e+00]\n",
      "  [ 0.00000000e+00  0.00000000e+00  0.00000000e+00  0.00000000e+00\n",
      "    5.00000000e-09  0.00000000e+00  0.00000000e+00]\n",
      "  [ 0.00000000e+00  0.00000000e+00  0.00000000e+00  0.00000000e+00\n",
      "    0.00000000e+00  5.00000000e-09  0.00000000e+00]\n",
      "  [ 0.00000000e+00  0.00000000e+00  0.00000000e+00  0.00000000e+00\n",
      "    0.00000000e+00  0.00000000e+00  5.00000000e-09]]\n",
      "\n",
      " [[ 5.00000000e-09  0.00000000e+00  0.00000000e+00  0.00000000e+00\n",
      "    0.00000000e+00  0.00000000e+00  0.00000000e+00]\n",
      "  [ 0.00000000e+00  5.00000000e-09  0.00000000e+00  0.00000000e+00\n",
      "    0.00000000e+00  0.00000000e+00  0.00000000e+00]\n",
      "  [ 0.00000000e+00  0.00000000e+00  5.00000000e-09  0.00000000e+00\n",
      "    0.00000000e+00  0.00000000e+00  0.00000000e+00]\n",
      "  [ 0.00000000e+00  0.00000000e+00  0.00000000e+00  5.00000000e-09\n",
      "    0.00000000e+00  0.00000000e+00  0.00000000e+00]\n",
      "  [ 0.00000000e+00  0.00000000e+00  0.00000000e+00  0.00000000e+00\n",
      "    5.00000000e-09  0.00000000e+00  0.00000000e+00]\n",
      "  [ 0.00000000e+00  0.00000000e+00  0.00000000e+00  0.00000000e+00\n",
      "    0.00000000e+00  5.00000000e-09  0.00000000e+00]\n",
      "  [ 0.00000000e+00  0.00000000e+00  0.00000000e+00  0.00000000e+00\n",
      "    0.00000000e+00  0.00000000e+00  5.00000000e-09]]\n",
      "\n",
      " [[ 5.00000000e-09  0.00000000e+00  0.00000000e+00  0.00000000e+00\n",
      "    0.00000000e+00  0.00000000e+00  0.00000000e+00]\n",
      "  [ 0.00000000e+00  5.00000000e-09  0.00000000e+00  0.00000000e+00\n",
      "    0.00000000e+00  0.00000000e+00  0.00000000e+00]\n",
      "  [ 0.00000000e+00  0.00000000e+00  5.00000000e-09  0.00000000e+00\n",
      "    0.00000000e+00  0.00000000e+00  0.00000000e+00]\n",
      "  [ 0.00000000e+00  0.00000000e+00  0.00000000e+00  5.00000000e-09\n",
      "    0.00000000e+00  0.00000000e+00  0.00000000e+00]\n",
      "  [ 0.00000000e+00  0.00000000e+00  0.00000000e+00  0.00000000e+00\n",
      "    5.00000000e-09  0.00000000e+00  0.00000000e+00]\n",
      "  [ 0.00000000e+00  0.00000000e+00  0.00000000e+00  0.00000000e+00\n",
      "    0.00000000e+00  5.00000000e-09  0.00000000e+00]\n",
      "  [ 0.00000000e+00  0.00000000e+00  0.00000000e+00  0.00000000e+00\n",
      "    0.00000000e+00  0.00000000e+00  5.00000000e-09]]\n",
      "\n",
      " [[ 2.50000005e-01  2.50000000e-01 -2.50000000e-01  2.50000000e-01\n",
      "    7.50000000e-01  0.00000000e+00 -2.50000000e-01]\n",
      "  [ 2.50000000e-01  2.50000005e-01 -2.50000000e-01  2.50000000e-01\n",
      "    7.50000000e-01  0.00000000e+00 -2.50000000e-01]\n",
      "  [-2.50000000e-01 -2.50000000e-01  2.50000005e-01 -2.50000000e-01\n",
      "   -7.50000000e-01  0.00000000e+00  2.50000000e-01]\n",
